% # columns="iteration, evaluation, void, void, void, xmean", seed=362115, Sat Dec  2 22:43:39 2017 # scaling_of_variables: 0.585 0.27 0.285 2.7 1350.0 1350.0 2700.0 1.497 29.7 1.497 29.7 1.2, typical_x: 0
0 0 0 0 0 0.854700854701 1.11111111111 1.05263157895 1.48148148148 1.11111111111 1.11111111111 1.11111111111 0.0534402137609 0.841750841751 0.0534402137609 0.841750841751 2.16666666667
1 12 0 0.0 nan 1.27036179126 0.718854487201 1.26275863809 1.98869183543 1.18042838548 1.47162272773 1.88408805473 -0.872038583208 1.16003201687 0.247825860683 1.07333284391 1.04096745133
2 23 0 0.0 nan 0.722170810729 0.902119142902 1.67997818989 2.14400330999 1.56508311794 1.420457409 2.2697417327 -0.121330375071 2.26871931453 0.468155077152 1.49635210441 1.20682448538
3 34 0 0.0 nan 0.200646103433 0.0467681755217 1.57772604301 1.89484975241 2.07632432038 1.07780334482 2.717993897 -0.507385920871 2.37898167199 0.989299843588 1.97788421776 2.11600754401
4 45 0 0.0 nan 0.659068173765 -0.0179896533996 2.00558657794 1.51018203437 2.31332409358 1.08838633841 2.49398665521 0.392980675297 2.98787921154 0.69516455854 1.10704854729 2.31074280654
5 56 0 0.0 nan 1.1235085259 0.618113520476 2.10395870349 0.814365706594 1.828095016 0.818604117652 2.14691943969 -0.110962010701 2.36019158691 0.763299327002 1.04061195012 2.6508785015
6 67 0 0.0 nan 0.957555440711 0.569279836913 2.5253517069 1.26975844536 2.37414278687 1.31091420155 2.26858031862 0.12302739198 2.97279444632 0.334262769838 1.44260929165 2.3662270111
7 78 0 0.0 nan 0.399759592053 0.862535089909 2.27075491389 1.74402426562 2.23223194168 1.34939214237 2.55798035372 0.207816025298 3.11660659119 0.12272508716 2.0245479456 2.52957492097
8 89 0 0.0 nan 0.859520217464 1.07411180323 2.70304384359 1.47557789113 1.99104482279 1.46615053759 2.55910128229 0.438168207843 2.74322471676 0.192803737191 1.63974044694 2.40368267971
9 100 0 0.0 nan 0.877298040284 1.10013335163 2.54542747388 1.78154158472 2.51523317442 1.23756202929 1.99453946382 0.189382365096 2.42282180414 -0.91596308731 1.91027261119 2.46376347176
10 111 0 0.0 nan -0.0472891952121 0.889830471455 2.62529545031 1.96339122699 2.61407254769 1.03715397146 1.94675902431 0.397353223504 2.10191064083 -0.652496264899 1.5936360525 2.34647595582
11 122 0 0.0 nan 0.173413634747 0.810402087386 2.52572598479 2.11686345785 2.62080893125 1.00884660742 1.78274631749 0.582350199734 2.0799049171 -0.00183050920701 1.50063706825 2.20516554719
12 133 0 0.0 nan 0.285648283708 0.753137819867 2.66357198995 1.81565612903 3.2190991514 1.33627502264 2.31225086047 1.06927217415 1.24261326108 -0.0757085911533 1.19237097912 2.58337526959
13 144 0 0.0 nan 0.0267334336463 0.556105010781 2.84978273223 1.82651172708 3.12550591536 1.32982428838 1.67725524737 1.17714914671 1.07186601474 -0.0219398503726 0.633086393734 2.6737446897
14 155 0 0.0 nan 0.0587423147123 0.423674116877 2.79407278716 1.80586505275 3.23794972011 1.34035082678 1.49315877848 1.09997283155 0.961477605274 0.107343626483 0.646043220748 3.12026297316
15 166 0 0.0 nan -0.16384537045 0.71418296351 2.58609990382 1.56258097503 3.2710137133 0.999260362454 1.06741060685 1.21309359831 0.967927965118 -0.521292080856 1.64771409961 2.87202092717
16 177 0 0.0 nan -0.292642592561 0.669125073833 2.12719063216 1.59090632819 2.95402785194 1.02798009666 0.838724942272 1.02094989178 1.09566218331 -0.342524062196 1.76587515054 2.58252545689
17 188 0 0.0 nan -0.411395873665 0.300491860051 1.72835117663 1.75535443642 2.50126372864 1.04256483863 0.955404239996 1.01205980451 1.02176618197 0.0817211014205 1.56185774034 2.57493377989
18 199 0 0.0 nan -0.143774471357 0.314607871221 1.97046651764 1.20969602345 2.38309916671 0.948673209095 0.695694584928 1.04633812819 0.932119052011 0.490510943802 1.5689904586 2.66856219771
19 210 0 0.0 nan -0.500519344493 0.298115156428 1.95432146551 1.2286686072 2.49743363385 0.788082902146 0.937213889426 1.25654068019 1.44421619161 1.04542845851 1.71141874255 2.61629829064
